#$Author: sinnwell $
#
#$Date: 2003/09/08 17:32:55 $
#
#$Header: /people/biostat3/sinnwell/Rdir/Make/RCS/hla.demo.q,v 1.4 2003/09/08 17:32:55 sinnwell Exp $
#
#$Id: hla.demo.q,v 1.4 2003/09/08 17:32:55 sinnwell Exp $
#
#$Locker:  $
#
#$Log: hla.demo.q,v $
#Revision 1.4  2003/09/08 17:32:55  sinnwell
#eleven loci version, with added keywords and license
#
#Revision 1.2  2003/03/06 23:17:21  sinnwell
#add license text
#
#Revision 1.1  2002/09/09 19:53:18  sinnwell
#Initial revision
#
# License: 
# 
# Copyright 2003 Mayo Foundation for Medical Education and Research. 
# 
# This program is free software; you can redistribute it and/or modify it under the terms of 
# the GNU General Public License as published by the Free Software Foundation; either 
# version 2 of the License, or (at your option) any later version.
# 
# This program is distributed in the hope that it will be useful, but WITHOUT ANY 
# WARRANTY; without even the implied warranty of MERCHANTABILITY or 
# FITNESS FOR A PARTICULAR PURPOSE. See the GNU General Public License for 
# more details.
# 
# You should have received a copy of the GNU General Public License along with this 
# program; if not, write to the Free Software Foundation, Inc., 59 Temple Place, Suite 330, 
# Boston, MA 02111-1307 USA
# 
# For other licensing arrangements, please contact Daniel J. Schaid.
# 
# Daniel J. Schaid, Ph.D.
# Division of Biostatistics
# Harwick Building – Room 775
# Mayo Clinic
# 200 First St., SW
# Rochester, MN 55905
# 
# phone: 507-284-0639
# fax:      507-284-9542
# email: schaid@mayo.edu
# 

"hla.demo"<-
structure(.Data = list(resp = c(3.7010000000000001, 1.179, 1.6599999999999999, 
	1.9670000000000001, 0.79600000000000004, 1.153, 1.3080000000000001, 
	2.0859999999999999, 1.155, 1.5509999999999999, 1.2290000000000001, 
	2.3730000000000002, 2.4300000000000002, 2.2160000000000002, 
	2.3650000000000002, 2.927, 2.5579999999999998, 1.097, 
	2.6339999999999999, 1.7, 1.95, 1.883, 2.3919999999999999, 1.891, 
	2.1970000000000001, 1.399, 2.4430000000000001, 2.1760000000000002, 
	0.63900000000000001, 0.18099999999999999, 0.48299999999999998, 
	0.28000000000000003, 2.0899999999999999, 0.50600000000000001, 
	0.096000000000000002, 0.40200000000000002, 0.35399999999999998, 
	0.63800000000000001, 0.36899999999999999, 0.67400000000000004, 
	1.1799999999999999, 0.70399999999999996, 0.77100000000000002, 
	0.13300000000000001, 0.59599999999999997, 0.78400000000000003, 
	0.70999999999999996, 0.017000000000000001, 0.40100000000000002, 
	0.66400000000000003, 0.67600000000000005, 0.69199999999999995, 
	1.8779999999999999, 0.60699999999999998, 0, 0.043999999999999997, 
	0.72499999999999998, 0.13400000000000001, 0, 0.438, 0.432, 
	0.35799999999999998, 0.75800000000000001, 0.622, 0.36099999999999999, 
	0.71699999999999997, 0.73799999999999999, 0.68500000000000005, 
	0.72899999999999998, 0.76000000000000001, 2.9039999999999999, 
	2.9809999999999999, 3.1200000000000001, 0.68200000000000005, 0.432, 
	0.61499999999999999, 0.53300000000000003, 0.67200000000000004, 
	0.33200000000000002, 0.71899999999999997, 0.33300000000000002, 
	0.61199999999999999, 0.621, 0.378, 0.28899999999999998, 
	0.19900000000000001, 0.68200000000000005, 0.72799999999999998, 
	3.7469999999999999, 3.0310000000000001, 3.266, 0.67100000000000004, 
	0.61099999999999999, 3.2320000000000002, 3.23, 3.7000000000000002, 
	3.601, 3.2709999999999999, 2.5569999999999999, 3.7000000000000002, 
	3.3199999999999998, 3.0609999999999999, 3.1190000000000002, 
	3.0539999999999998, 3.0950000000000002, 2.9289999999999998, 3.423, 
	3.3050000000000002, 3.5750000000000002, 3.379, 3.5670000000000002, 
	2.923, 3.2120000000000002, 3.0830000000000002, 3.0070000000000001, 
	3.431, 3.4449999999999998, 3.1930000000000001, 4.6660000000000004, 
	2.9670000000000001, 3.3340000000000001, 3.226, 3.1869999999999998, 
	2.0699999999999998, 3.274, 3.206, 3.73, 3.1960000000000002, 
	3.1440000000000001, 3.0489999999999999, 2.952, 3.3079999999999998, 
	3.7959999999999998, 2.6890000000000001, 1.605, 3.1949999999999998, 
	1.6020000000000001, 2.9780000000000002, 2.7629999999999999, 0.123, 
	2.1389999999999998, 1.036, 1.117, 2.2160000000000002, 1.958, 1.405, 
	1.1200000000000001, 1.147, 2.5550000000000002, 1.0760000000000001, 
	1.8500000000000001, 1.599, 1.1399999999999999, 2.133, 1.349, 
	1.7729999999999999, 1.9590000000000001, 0.77900000000000003, 
	2.2080000000000002, 4.3289999999999997, 1.0669999999999999, 1.919, 
	1.931, 2.0699999999999998, 2.5099999999999998, 1.387, 
	1.5289999999999999, 1.1739999999999999, 1.923, 1.954, 1.47, 1.893, 
	1.6859999999999999, 2.726, 2.1400000000000001, 0.28999999999999998, 
	1.347, 1.7949999999999999, 1.329, 2.0590000000000002, 1.359, 1.151, 
	1.774, 1.01, 1.044, 1.8140000000000001, 2.097, 1.1020000000000001, 
	3.468, 2.911, 2.9870000000000001, 1.919, 1.208, 1.319, 
	3.4119999999999999, 2.3969999999999998, 4.1040000000000001, 
	3.5499999999999998, 1.119, 1.159, 2.3519999999999999, 
	2.2320000000000002, 1.5449999999999999, 1.2250000000000001, 3.984, 
	1.325, 3.121, 2.9260000000000002, 3.423, 3.569, 3.5750000000000002, 
	3.8599999999999999, 3.133, 3.1059999999999999, 0.41899999999999998, 
	3.6000000000000001, 3.2229999999999999, 0.156, 0.46100000000000002, 
	2.9359999999999999), resp.cat = structure(.Data = c(3, 2, 2, 2, 1, 2, 2,
	2, 2, 2, 2, 2, 2, 2, 2, 3, 2, 2, 2, 2, 2, 2, 2, 2, 2, 2, 2, 2, 1, 1, 1, 
	1, 2, 1, 1, 1, 1, 1, 1, 1, 2, 1, 1, 1, 1, 1, 1, 1, 1, 1, 1, 1, 2, 1, 1, 
	1, 1, 1, 1, 1, 1, 1, 1, 1, 1, 1, 1, 1, 1, 1, 3, 3, 3, 1, 1, 1, 1, 1, 1, 
	1, 1, 1, 1, 1, 1, 1, 1, 1, 3, 3, 3, 1, 1, 3, 3, 3, 3, 3, 2, 3, 3, 3, 3, 
	3, 3, 3, 3, 3, 3, 3, 3, 3, 3, 3, 3, 3, 3, 3, 3, 3, 3, 3, 3, 2, 3, 3, 3, 
	3, 3, 3, 3, 3, 3, 2, 2, 3, 2, 3, 2, 1, 2, 2, 2, 2, 2, 2, 2, 2, 2, 2, 2, 
	2, 2, 2, 2, 2, 2, 1, 2, 3, 2, 2, 2, 2, 2, 2, 2, 2, 2, 2, 2, 2, 2, 2, 2, 
	1, 2, 2, 2, 2, 2, 2, 2, 2, 2, 2, 2, 2, 3, 3, 3, 2, 2, 2, 3, 2, 3, 3, 2, 
	2, 2, 2, 2, 2, 3, 2, 3, 3, 3, 3, 3, 3, 3, 3, 1, 3, 3, 1, 1, 3), .Label
	 = c("low", "normal", "high"), class = "factor"), male = c(1, 0, 1, 0, 
	0, 1, 0, 1, 1, 1, 0, 0, 0, 1, 0, 1, 0, 0, 1, 1, 1, 1, 0, 1, 1, 0, 1, 0, 
	1, 1, 0, 1, 0, 0, 0, 1, 0, 1, 1, 0, 0, 1, 1, 0, 0, 0, 1, 0, 0, 0, 0, 0, 
	0, 1, 0, 1, 0, 0, 0, 1, 1, 0, 1, 1, 1, 1, 1, 0, 1, 0, 1, 0, 0, 1, 1, 0, 
	1, 1, 0, 1, 0, 0, 0, 1, 0, 0, 0, 1, 1, 1, 0, 1, 1, 0, 1, 1, 0, 0, 1, 1, 
	0, 0, 1, 0, 0, 1, 1, 1, 0, 0, 0, 0, 1, 0, 1, 1, 0, 1, 1, 1, 1, 0, 1, 1, 
	1, 1, 0, 0, 1, 0, 0, 0, 1, 1, 1, 1, 0, 0, 0, 0, 1, 1, 0, 1, 0, 0, 1, 0, 
	1, 1, 1, 1, 1, 0, 0, 0, 1, 0, 0, 1, 1, 1, 1, 1, 1, 1, 0, 0, 0, 0, 1, 0, 
	0, 0, 0, 1, 0, 0, 0, 1, 1, 1, 1, 1, 1, 0, 0, 1, 0, 1, 1, 1, 1, 1, 0, 1, 
	0, 0, 0, 1, 0, 1, 1, 1, 1, 1, 0, 1, 0, 0, 1, 0, 1, 0, 1, 0, 0, 0, 0, 1),
	age = c(15, 15, 17, 21, 15, 15, 15, 15, 15, 20, 15, 14, 15, 15, 15, 15, 
	15, 15, 14, 15, 20, 15, 14, 15, 87, 15, 14, 15, 15, 15, 14, 15, 14, 15, 
	15, 15, 15, 14, 14, 15, 16, 15, 15, 20, 15, 16, 20, 15, 17, 15, 16, 18, 
	15, 18, 17, 15, 16, 15, 15, 17, 22, 16, 15, 16, 15, 15, 15, 15, 15, 24, 
	15, 16, 15, 16, 20, 18, 15, 15, 15, 20, 15, 15, 15, 15, 15, 15, 14, 15, 
	15, 15, 15, 15, 15, 28, 15, 14, 55, 14, 14, 18, 16, 15, 15, 15, 18, 15, 
	15, 15, 15, 19, 15, 14, 16, 15, 16, 15, 16, 15, 15, 15, 14, 15, 15, 15, 
	17, 15, 19, 16, 18, 22, 7, 15, 15, 15, 15, 16, 15, 15, 15, 12, 17, 56, 
	18, 15, 19, 15, 19, 16, 19, 16, 15, 17, 16, 14, 15, 20, 15, 20, 15, 9, 
	18, 14, 14, 19, 15, 16, 15, 22, 15, 16, 17, 15, 15, 15, 16, 15, 17, 18, 
	15, 15, 15, 15, 15, 18, 18, 15, 16, 38, 18, 14, 17, 17, 15, 19, 15, 17, 
	15, 15, 17, 14, 18, 16, 15, 16, 18, 15, 16, 15, 17, 15, 2, 15, 15, 17, 
	15, 15, 16, 15, 14, 15),